
hebras1: 1, hebras2: 1
0.080142
0.078
1.03
0.079143
0.077
1.02

hebras1: 1, hebras2: 1
0.079660
0.078
1.02
0.078667
0.078
1.01

hebras1: 1, hebras2: 1
0.079474
0.077
1.03
0.078363
0.077
1.02

hebras1: 2, hebras2: 1
0.080445
0.041
1.97
0.079618
0.040
1.97

hebras1: 2, hebras2: 1
0.081984
0.041
2.01
0.080865
0.040
2.01

hebras1: 2, hebras2: 1
0.078743
0.041
1.91
0.078123
0.041
1.92

hebras1: 3, hebras2: 1
0.081935
0.042
1.97
0.081017
0.041
1.97

hebras1: 3, hebras2: 1
0.079420
0.043
1.84
0.078302
0.043
1.84

hebras1: 3, hebras2: 1
0.077236
0.041
1.91
0.076549
0.040
1.91

hebras1: 4, hebras2: 1
0.078927
0.040
1.96
0.077800
0.039
1.97

hebras1: 4, hebras2: 1
0.081600
0.040
2.02
0.080475
0.040
2.02

hebras1: 4, hebras2: 1
0.077977
0.046
1.68
0.077284
0.046
1.68

hebras1: 5, hebras2: 1
0.079223
0.046
1.74
0.078221
0.045
1.73

hebras1: 5, hebras2: 1
0.078467
0.048
1.64
0.077514
0.047
1.64

hebras1: 5, hebras2: 1
0.078995
0.037
2.15
0.077947
0.036
2.15

hebras1: 6, hebras2: 1
0.080824
0.042
1.92
0.079660
0.042
1.91

hebras1: 6, hebras2: 1
0.081500
0.051
1.61
0.080409
0.050
1.61

hebras1: 6, hebras2: 1
0.079647
0.042
1.90
0.078416
0.041
1.89

hebras1: 7, hebras2: 1
0.078372
0.039
2.02
0.077741
0.038
2.03

hebras1: 7, hebras2: 1
0.082348
0.040
2.04
0.081112
0.040
2.03

hebras1: 7, hebras2: 1
0.082151
0.040
2.05
0.081012
0.039
2.06

hebras1: 8, hebras2: 1
0.082224
0.035
2.38
0.081041
0.034
2.38

hebras1: 8, hebras2: 1
0.082709
0.028
2.96
0.081503
0.027
2.99

hebras1: 8, hebras2: 1
0.079077
0.044
1.82
0.078004
0.043
1.82

hebras1: 9, hebras2: 1
0.078187
0.036
2.19
0.077481
0.035
2.21

hebras1: 9, hebras2: 1
0.083342
0.043
1.96
0.082163
0.042
1.96

hebras1: 9, hebras2: 1
0.082258
0.034
2.40
0.081125
0.034
2.40

hebras1: 10, hebras2: 1
0.080464
0.036
2.21
0.079273
0.036
2.22

hebras1: 10, hebras2: 1
0.079208
0.034
2.30
0.078161
0.034
2.31

hebras1: 10, hebras2: 1
0.079279
0.031
2.53
0.078026
0.031
2.54

hebras1: 11, hebras2: 1
0.079557
0.031
2.59
0.078503
0.030
2.61

hebras1: 11, hebras2: 1
0.079463
0.031
2.55
0.078203
0.030
2.59

hebras1: 11, hebras2: 1
0.081047
0.033
2.45
0.080397
0.032
2.54

hebras1: 12, hebras2: 1
0.082645
0.034
2.41
0.081571
0.034
2.43

hebras1: 12, hebras2: 1
0.080710
0.036
2.26
0.079515
0.035
2.26

hebras1: 12, hebras2: 1
0.078834
0.031
2.51
0.077989
0.031
2.55

hebras1: 2, hebras2: 2
0.079206
0.086
0.92
0.078342
0.086
0.91

hebras1: 2, hebras2: 2
0.078681
0.085
0.93
0.078002
0.084
0.93

hebras1: 2, hebras2: 3
0.081835
0.145
0.56
0.080823
0.144
0.56

hebras1: 2, hebras2: 3
0.078824
0.146
0.54
0.077708
0.145
0.53

hebras1: 2, hebras2: 4
0.080374
0.282
0.29
0.079134
0.281
0.28

hebras1: 2, hebras2: 4
0.081422
0.315
0.26
0.080392
0.314
0.26

hebras1: 2, hebras2: 5
0.081370
0.733
0.11
0.080210
0.732
0.11

hebras1: 2, hebras2: 5
0.080629
0.785
0.10
0.079420
0.785
0.10

hebras1: 2, hebras2: 6
0.081374
1.542
0.05
0.080331
1.541
0.05

hebras1: 2, hebras2: 6
0.079539
1.646
0.05
0.078296
1.645
0.05

hebras1: 3, hebras2: 1
0.081805
0.041
1.98
0.080797
0.041
1.99

hebras1: 3, hebras2: 1
0.079011
0.041
1.91
0.077934
0.041
1.91

hebras1: 3, hebras2: 2
0.079387
0.091
0.87
0.078420
0.091
0.87

hebras1: 3, hebras2: 2
0.082483
0.087
0.94
0.081314
0.087
0.94

hebras1: 3, hebras2: 3
0.079896
0.154
0.52
0.078777
0.153
0.51

hebras1: 3, hebras2: 3
0.079032
0.148
0.53
0.077936
0.148
0.53

hebras1: 3, hebras2: 4
0.078740
0.279
0.28
0.077885
0.278
0.28

hebras1: 3, hebras2: 4
0.082346
0.312
0.26
0.081216
0.312
0.26

hebras1: 4, hebras2: 2
0.081397
0.087
0.94
0.080342
0.086
0.93

hebras1: 4, hebras2: 2
0.080173
0.087
0.93
0.079128
0.086
0.92

hebras1: 4, hebras2: 3
0.080897
0.152
0.53
0.079597
0.151
0.53

hebras1: 4, hebras2: 3
0.080051
0.157
0.51
0.079004
0.156
0.51

hebras1: 5, hebras2: 2
0.081004
0.082
0.99
0.079790
0.081
0.98

hebras1: 5, hebras2: 2
0.078847
0.080
0.98
0.077744
0.080
0.98

hebras1: 6, hebras2: 2
0.082022
0.077
1.07
0.080844
0.076
1.06

hebras1: 6, hebras2: 2
0.079379
0.079
1.00
0.078317
0.079
1.00
