
hebra1: 2, hebra2: 1
120.000000  80.000000  69.641941  40.000000  -158.967177
120.000000  80.000000  69.641941  40.000000  21.038131
0.092
0.093
65.50%
0.99
0.091
0.092
0.99

hebra1: 2, hebra2: 1
120.000000  80.000000  69.641941  40.000000  -158.967177
120.000000  80.000000  69.641941  40.000000  21.038131
0.092
0.095
65.50%
0.97
0.091
0.094
0.96

hebra1: 2, hebra2: 1
120.000000  80.000000  69.641941  40.000000  -158.967177
120.000000  80.000000  69.641941  40.000000  21.038131
0.092
0.094
65.50%
0.98
0.091
0.093
0.98

hebra1: 3, hebra2: 1
120.000000  80.000000  69.641941  40.000000  -158.967177
120.000000  80.000000  69.641941  40.000000  21.038131
0.092
0.095
65.50%
0.96
0.090
0.095
0.95

hebra1: 3, hebra2: 1
120.000000  80.000000  69.641941  40.000000  -158.967177
120.000000  80.000000  69.641941  40.000000  21.038131
0.093
0.096
65.50%
0.97
0.091
0.095
0.96

hebra1: 3, hebra2: 1
120.000000  80.000000  69.641941  40.000000  -158.967177
120.000000  80.000000  69.641941  40.000000  21.038131
0.091
0.095
65.50%
0.97
0.090
0.094
0.96

hebra1: 4, hebra2: 1
120.000000  80.000000  69.641941  40.000000  -158.967177
120.000000  80.000000  69.641941  40.000000  21.038131
0.091
0.101
65.50%
0.90
0.090
0.101
0.89

hebra1: 4, hebra2: 1
120.000000  80.000000  69.641941  40.000000  -158.967177
120.000000  80.000000  69.641941  40.000000  21.038131
0.091
0.095
65.50%
0.96
0.090
0.095
0.95

hebra1: 4, hebra2: 1
120.000000  80.000000  69.641941  40.000000  -158.967177
120.000000  80.000000  69.641941  40.000000  21.038131
0.092
0.097
65.50%
0.95
0.091
0.096
0.95

hebra1: 5, hebra2: 1
120.000000  80.000000  69.641941  40.000000  -158.967177
120.000000  80.000000  69.641941  40.000000  21.038131
0.093
0.157
65.50%
0.59
0.091
0.157
0.58

hebra1: 5, hebra2: 1
120.000000  80.000000  69.641941  40.000000  -158.967177
120.000000  80.000000  69.641941  40.000000  21.038131
0.092
0.110
65.50%
0.84
0.091
0.109
0.83

hebra1: 5, hebra2: 1
120.000000  80.000000  69.641941  40.000000  -158.967177
120.000000  80.000000  69.641941  40.000000  21.038131
0.091
0.121
65.50%
0.75
0.090
0.120
0.75

hebra1: 6, hebra2: 1
120.000000  80.000000  69.641941  40.000000  -158.967177
120.000000  80.000000  69.641941  40.000000  21.038131
0.092
0.141
65.50%
0.65
0.091
0.140
0.65

hebra1: 6, hebra2: 1
120.000000  80.000000  69.641941  40.000000  -158.967177
120.000000  80.000000  69.641941  40.000000  21.038131
0.091
0.178
65.50%
0.51
0.090
0.178
0.51

hebra1: 6, hebra2: 1
120.000000  80.000000  69.641941  40.000000  -158.967177
120.000000  80.000000  69.641941  40.000000  21.038131
0.092
0.165
65.50%
0.55
0.090
0.165
0.55

hebra1: 7, hebra2: 1
120.000000  80.000000  69.641941  40.000000  -158.967177
120.000000  80.000000  69.641941  40.000000  21.038131
0.093
0.147
65.50%
0.63
0.092
0.146
0.63

hebra1: 7, hebra2: 1
120.000000  80.000000  69.641941  40.000000  -158.967177
120.000000  80.000000  69.641941  40.000000  21.038131
0.091
0.152
65.50%
0.60
0.090
0.151
0.59

hebra1: 7, hebra2: 1
120.000000  80.000000  69.641941  40.000000  -158.967177
120.000000  80.000000  69.641941  40.000000  21.038131
0.091
0.182
65.50%
0.50
0.090
0.181
0.50

hebra1: 8, hebra2: 1
120.000000  80.000000  69.641941  40.000000  -158.967177
120.000000  80.000000  69.641941  40.000000  21.038131
0.089
0.169
65.50%
0.53
0.089
0.169
0.53

hebra1: 8, hebra2: 1
120.000000  80.000000  69.641941  40.000000  -158.967177
120.000000  80.000000  69.641941  40.000000  21.038131
0.092
0.160
65.50%
0.57
0.091
0.160
0.57

hebra1: 8, hebra2: 1
120.000000  80.000000  69.641941  40.000000  -158.967177
120.000000  80.000000  69.641941  40.000000  21.038131
0.093
0.157
65.50%
0.59
0.092
0.157
0.58

hebra1: 9, hebra2: 1
120.000000  80.000000  69.641941  40.000000  -158.967177
120.000000  80.000000  69.641941  40.000000  21.038131
0.091
0.173
65.50%
0.53
0.090
0.172
0.52

hebra1: 9, hebra2: 1
120.000000  80.000000  69.641941  40.000000  -158.967177
120.000000  80.000000  69.641941  40.000000  21.038131
0.093
0.162
65.50%
0.57
0.091
0.161
0.57

hebra1: 9, hebra2: 1
120.000000  80.000000  69.641941  40.000000  -158.967177
120.000000  80.000000  69.641941  40.000000  21.038131
0.093
0.207
65.50%
0.45
0.092
0.206
0.44

hebra1: 10, hebra2: 1
120.000000  80.000000  69.641941  40.000000  -158.967177
120.000000  80.000000  69.641941  40.000000  21.038131
0.091
0.177
65.50%
0.51
0.090
0.176
0.51

hebra1: 10, hebra2: 1
120.000000  80.000000  69.641941  40.000000  -158.967177
120.000000  80.000000  69.641941  40.000000  21.038131
0.093
0.186
65.50%
0.50
0.092
0.186
0.49

hebra1: 10, hebra2: 1
120.000000  80.000000  69.641941  40.000000  -158.967177
120.000000  80.000000  69.641941  40.000000  21.038131
0.093
0.192
65.50%
0.48
0.091
0.191
0.48

hebra1: 11, hebra2: 1
120.000000  80.000000  69.641941  40.000000  -158.967177
120.000000  80.000000  69.641941  40.000000  21.038131
0.092
0.222
65.50%
0.41
0.090
0.221
0.41

hebra1: 11, hebra2: 1
120.000000  80.000000  69.641941  40.000000  -158.967177
120.000000  80.000000  69.641941  40.000000  21.038131
0.092
0.217
65.50%
0.42
0.091
0.217
0.42

hebra1: 11, hebra2: 1
120.000000  80.000000  69.641941  40.000000  -158.967177
120.000000  80.000000  69.641941  40.000000  21.038131
0.094
0.218
65.50%
0.43
0.093
0.217
0.43

hebra1: 12, hebra2: 1
120.000000  80.000000  69.641941  40.000000  -158.967177
120.000000  80.000000  69.641941  40.000000  21.038131
0.092
0.339
65.50%
0.27
0.091
0.338
0.27

hebra1: 12, hebra2: 1
120.000000  80.000000  69.641941  40.000000  -158.967177
120.000000  80.000000  69.641941  40.000000  21.038131
0.093
0.371
65.50%
0.25
0.092
0.370
0.25

hebra1: 12, hebra2: 1
120.000000  80.000000  69.641941  40.000000  -158.967177
120.000000  80.000000  69.641941  40.000000  21.038131
0.093
0.399
65.50%
0.23
0.092
0.398
0.23

hebra1: 1, hebra2: 2
120.000000  80.000000  69.641941  40.000000  -158.967177
120.000000  80.000000  69.641941  40.000000  21.038131
0.093
0.251
65.50%
0.37
0.092
0.250
0.37

hebra1: 1, hebra2: 2
120.000000  80.000000  69.641941  40.000000  -158.967177
120.000000  80.000000  69.641941  40.000000  21.038131
0.091
0.243
65.50%
0.37
0.090
0.243
0.37

hebra1: 1, hebra2: 2
120.000000  80.000000  69.641941  40.000000  -158.967177
120.000000  80.000000  69.641941  40.000000  21.038131
0.092
0.252
65.50%
0.36
0.090
0.251
0.36

hebra1: 1, hebra2: 3
120.000000  80.000000  69.641941  40.000000  -158.967177
120.000000  80.000000  69.641941  40.000000  21.038131
0.094
0.391
65.50%
0.24
0.093
0.390
0.24

hebra1: 1, hebra2: 3
120.000000  80.000000  69.641941  40.000000  -158.967177
120.000000  80.000000  69.641941  40.000000  21.038131
0.094
0.380
65.50%
0.25
0.093
0.380
0.24

hebra1: 1, hebra2: 3
120.000000  80.000000  69.641941  40.000000  -158.967177
120.000000  80.000000  69.641941  40.000000  21.038131
0.091
0.372
65.50%
0.24
0.090
0.372
0.24

hebra1: 1, hebra2: 4
120.000000  80.000000  69.641941  40.000000  -158.967177
120.000000  80.000000  69.641941  40.000000  21.038131
0.090
0.515
65.50%
0.18
0.090
0.514
0.17

hebra1: 1, hebra2: 4
120.000000  80.000000  69.641941  40.000000  -158.967177
120.000000  80.000000  69.641941  40.000000  21.038131
0.093
0.495
65.50%
0.19
0.092
0.494
0.19

hebra1: 1, hebra2: 4
120.000000  80.000000  69.641941  40.000000  -158.967177
120.000000  80.000000  69.641941  40.000000  21.038131
0.091
0.505
65.50%
0.18
0.090
0.505
0.18

hebra1: 1, hebra2: 5
120.000000  80.000000  69.641941  40.000000  -158.967177
120.000000  80.000000  69.641941  40.000000  21.038131
0.093
0.638
65.50%
0.15
0.092
0.638
0.14

hebra1: 1, hebra2: 5
120.000000  80.000000  69.641941  40.000000  -158.967177
120.000000  80.000000  69.641941  40.000000  21.038131
0.092
0.606
65.50%
0.15
0.091
0.605
0.15

hebra1: 1, hebra2: 5
120.000000  80.000000  69.641941  40.000000  -158.967177
120.000000  80.000000  69.641941  40.000000  21.038131
0.091
0.634
65.50%
0.14
0.090
0.634
0.14

hebra1: 1, hebra2: 6
120.000000  80.000000  69.641941  40.000000  -158.967177
120.000000  80.000000  69.641941  40.000000  21.038131
0.091
0.846
65.50%
0.11
0.090
0.845
0.11

hebra1: 1, hebra2: 6
120.000000  80.000000  69.641941  40.000000  -158.967177
120.000000  80.000000  69.641941  40.000000  21.038131
0.091
0.850
65.50%
0.11
0.091
0.849
0.11

hebra1: 1, hebra2: 6
120.000000  80.000000  69.641941  40.000000  -158.967177
120.000000  80.000000  69.641941  40.000000  21.038131
0.094
0.835
65.50%
0.11
0.092
0.834
0.11

hebra1: 1, hebra2: 7
120.000000  80.000000  69.641941  40.000000  -158.967177
120.000000  80.000000  69.641941  40.000000  21.038131
0.093
1.123
65.50%
0.08
0.092
1.122
0.08

hebra1: 1, hebra2: 7
120.000000  80.000000  69.641941  40.000000  -158.967177
120.000000  80.000000  69.641941  40.000000  21.038131
0.092
1.138
65.50%
0.08
0.091
1.138
0.08

hebra1: 1, hebra2: 7
120.000000  80.000000  69.641941  40.000000  -158.967177
120.000000  80.000000  69.641941  40.000000  21.038131
0.092
1.137
65.50%
0.08
0.091
1.136
0.08

hebra1: 1, hebra2: 8
120.000000  80.000000  69.641941  40.000000  -158.967177
120.000000  80.000000  69.641941  40.000000  21.038131
0.093
1.430
65.50%
0.06
0.092
1.430
0.06

hebra1: 1, hebra2: 8
120.000000  80.000000  69.641941  40.000000  -158.967177
120.000000  80.000000  69.641941  40.000000  21.038131
0.092
1.429
65.50%
0.06
0.091
1.429
0.06

hebra1: 1, hebra2: 8
120.000000  80.000000  69.641941  40.000000  -158.967177
120.000000  80.000000  69.641941  40.000000  21.038131
0.093
1.437
65.50%
0.06
0.093
1.437
0.06

hebra1: 1, hebra2: 9
120.000000  80.000000  69.641941  40.000000  -158.967177
120.000000  80.000000  69.641941  40.000000  21.038131
0.103
1.761
65.50%
0.06
0.101
1.760
0.06

hebra1: 1, hebra2: 9
120.000000  80.000000  69.641941  40.000000  -158.967177
120.000000  80.000000  69.641941  40.000000  21.038131
0.093
1.792
65.50%
0.05
0.092
1.791
0.05

hebra1: 1, hebra2: 9
120.000000  80.000000  69.641941  40.000000  -158.967177
120.000000  80.000000  69.641941  40.000000  21.038131
0.092
1.782
65.50%
0.05
0.091
1.782
0.05

hebra1: 1, hebra2: 10
120.000000  80.000000  69.641941  40.000000  -158.967177
120.000000  80.000000  69.641941  40.000000  21.038131
0.094
2.251
65.50%
0.04
0.092
2.250
0.04

hebra1: 1, hebra2: 10
120.000000  80.000000  69.641941  40.000000  -158.967177
120.000000  80.000000  69.641941  40.000000  21.038131
0.092
2.263
65.50%
0.04
0.091
2.263
0.04

hebra1: 1, hebra2: 10
120.000000  80.000000  69.641941  40.000000  -158.967177
120.000000  80.000000  69.641941  40.000000  21.038131
0.094
2.190
65.50%
0.04
0.093
2.190
0.04

hebra1: 2, hebra2: 2
120.000000  80.000000  69.641941  40.000000  -158.967177
120.000000  80.000000  69.641941  40.000000  21.038131
0.093
0.240
65.50%
0.39
0.093
0.239
0.39

hebra1: 2, hebra2: 2
120.000000  80.000000  69.641941  40.000000  -158.967177
120.000000  80.000000  69.641941  40.000000  21.038131
0.092
0.250
65.50%
0.37
0.091
0.249
0.37

hebra1: 2, hebra2: 3
120.000000  80.000000  69.641941  40.000000  -158.967177
120.000000  80.000000  69.641941  40.000000  21.038131
0.093
0.383
65.50%
0.24
0.092
0.382
0.24

hebra1: 2, hebra2: 3
120.000000  80.000000  69.641941  40.000000  -158.967177
120.000000  80.000000  69.641941  40.000000  21.038131
0.091
0.390
65.50%
0.23
0.090
0.390
0.23

hebra1: 2, hebra2: 3
120.000000  80.000000  69.641941  40.000000  -158.967177
120.000000  80.000000  69.641941  40.000000  21.038131
0.094
0.368
65.50%
0.25
0.092
0.368
0.25

hebra1: 2, hebra2: 4
120.000000  80.000000  69.641941  40.000000  -158.967177
120.000000  80.000000  69.641941  40.000000  21.038131
0.092
0.493
65.50%
0.19
0.092
0.492
0.19

hebra1: 2, hebra2: 4
120.000000  80.000000  69.641941  40.000000  -158.967177
120.000000  80.000000  69.641941  40.000000  21.038131
0.092
0.494
65.50%
0.19
0.091
0.493
0.18

hebra1: 2, hebra2: 5
120.000000  80.000000  69.641941  40.000000  -158.967177
120.000000  80.000000  69.641941  40.000000  21.038131
0.093
0.665
65.50%
0.14
0.093
0.664
0.14

hebra1: 2, hebra2: 5
120.000000  80.000000  69.641941  40.000000  -158.967177
120.000000  80.000000  69.641941  40.000000  21.038131
0.091
0.630
65.50%
0.15
0.090
0.629
0.14

hebra1: 2, hebra2: 6
120.000000  80.000000  69.641941  40.000000  -158.967177
120.000000  80.000000  69.641941  40.000000  21.038131
0.092
1.335
65.50%
0.07
0.091
1.335
0.07

hebra1: 2, hebra2: 6
120.000000  80.000000  69.641941  40.000000  -158.967177
120.000000  80.000000  69.641941  40.000000  21.038131
0.091
1.292
65.50%
0.07
0.090
1.292
0.07

hebra1: 3, hebra2: 2
120.000000  80.000000  69.641941  40.000000  -158.967177
120.000000  80.000000  69.641941  40.000000  21.038131
0.135
0.232
65.50%
0.58
0.134
0.231
0.58

hebra1: 3, hebra2: 2
120.000000  80.000000  69.641941  40.000000  -158.967177
120.000000  80.000000  69.641941  40.000000  21.038131
0.092
0.235
65.50%
0.39
0.091
0.235
0.39

hebra1: 3, hebra2: 3
120.000000  80.000000  69.641941  40.000000  -158.967177
120.000000  80.000000  69.641941  40.000000  21.038131
0.092
0.334
65.50%
0.27
0.091
0.334
0.27

hebra1: 3, hebra2: 3
120.000000  80.000000  69.641941  40.000000  -158.967177
120.000000  80.000000  69.641941  40.000000  21.038131
0.093
0.342
65.50%
0.27
0.092
0.341
0.27

hebra1: 3, hebra2: 4
120.000000  80.000000  69.641941  40.000000  -158.967177
120.000000  80.000000  69.641941  40.000000  21.038131
0.093
0.528
65.50%
0.18
0.092
0.527
0.17

hebra1: 3, hebra2: 4
120.000000  80.000000  69.641941  40.000000  -158.967177
120.000000  80.000000  69.641941  40.000000  21.038131
0.096
0.509
65.50%
0.19
0.094
0.509
0.19

hebra1: 4, hebra2: 2
120.000000  80.000000  69.641941  40.000000  -158.967177
120.000000  80.000000  69.641941  40.000000  21.038131
0.092
0.195
65.50%
0.47
0.091
0.195
0.47

hebra1: 4, hebra2: 2
120.000000  80.000000  69.641941  40.000000  -158.967177
120.000000  80.000000  69.641941  40.000000  21.038131
0.093
0.223
65.50%
0.42
0.092
0.223
0.41

hebra1: 4, hebra2: 3
120.000000  80.000000  69.641941  40.000000  -158.967177
120.000000  80.000000  69.641941  40.000000  21.038131
0.096
0.394
65.50%
0.24
0.095
0.394
0.24

hebra1: 4, hebra2: 3
120.000000  80.000000  69.641941  40.000000  -158.967177
120.000000  80.000000  69.641941  40.000000  21.038131
0.093
0.388
65.50%
0.24
0.092
0.388
0.24

hebra1: 5, hebra2: 2
120.000000  80.000000  69.641941  40.000000  -158.967177
120.000000  80.000000  69.641941  40.000000  21.038131
0.095
0.259
65.50%
0.37
0.093
0.258
0.36

hebra1: 5, hebra2: 2
120.000000  80.000000  69.641941  40.000000  -158.967177
120.000000  80.000000  69.641941  40.000000  21.038131
0.091
0.234
65.50%
0.39
0.091
0.233
0.39

hebra1: 6, hebra2: 2
120.000000  80.000000  69.641941  40.000000  -158.967177
120.000000  80.000000  69.641941  40.000000  21.038131
0.094
0.252
65.50%
0.37
0.093
0.251
0.37

hebra1: 6, hebra2: 2
120.000000  80.000000  69.641941  40.000000  -158.967177
120.000000  80.000000  69.641941  40.000000  21.038131
0.094
0.227
65.50%
0.41
0.093
0.226
0.41
