129.000000 71.000000 65.368188 0.511556 54
129.000000 71.000000 65.368188 0.511556 54
129.000000 71.000000 65.368188 0.511556 54
130.000000 72.000000 64.660653 0.553681 54
136.500000 75.000000 58.363088 0.755104 54
136.500000 75.000000 58.363088 0.755104 54
142.500000 75.500000 53.781967 0.824851 54
142.500000 75.500000 53.781967 0.824851 54
142.000000 76.000000 53.814496 0.837981 54
142.000000 76.000000 53.814496 0.837981 54
141.000000 75.500000 54.856631 0.830529 54
141.000000 75.500000 54.856631 0.830529 54
141.000000 75.500000 54.856631 0.830529 54
140.500000 75.500000 55.195108 0.823841 54
140.500000 75.500000 55.195108 0.823841 54
140.500000 75.500000 55.195108 0.823841 54
139.000000 75.500000 56.224994 0.804264 54
141.000000 76.000000 53.814496 0.837981 54
141.000000 76.000000 53.814496 0.837981 54
139.500000 76.000000 54.893078 0.843398 54
139.500000 76.000000 54.893078 0.843398 54
120.000000 80.000000 52.886671 -0.267910 42
111.500000 90.000000 65.743821 0.473851 54
111.500000 89.500000 65.088401 0.487698 54
111.000000 89.000000 65.368188 0.511556 54
111.000000 89.000000 65.368188 0.511556 54
110.500000 89.500000 64.687711 0.508600 54
110.500000 89.500000 64.687711 0.508600 54
124.500000 83.500000 47.628773 -0.468342 42
124.500000 83.500000 47.628773 -0.468342 42
111.500000 85.500000 64.764960 0.598709 48
111.500000 85.500000 64.764960 0.598709 48
111.500000 85.500000 64.764960 0.598709 48
110.000000 88.000000 64.660653 0.553681 54
110.000000 88.000000 64.660653 0.553681 54
110.000000 88.000000 64.660653 0.553681 54
117.500000 78.000000 48.787806 -0.422387 42
117.500000 78.000000 48.787806 -0.422387 42
116.000000 77.000000 45.793013 -0.551655 42
116.000000 77.000000 45.793013 -0.551655 42
116.000000 77.000000 45.793013 -0.551655 42
115.000000 76.500000 46.392349 -0.531178 42
115.000000 76.500000 46.392349 -0.531178 42
115.000000 76.500000 46.392349 -0.531178 42
115.000000 76.500000 46.392349 -0.531178 42
102.000000 61.500000 48.386465 -0.239966 30
102.000000 61.500000 48.386465 -0.239966 30
104.500000 85.000000 58.363088 0.755104 54
104.500000 85.000000 58.363088 0.755104 54
104.500000 85.000000 58.363088 0.755104 54
104.500000 85.000000 58.363088 0.755104 54
104.000000 84.500000 57.630287 0.779263 54
104.000000 84.500000 57.630287 0.779263 54
104.000000 84.500000 57.630287 0.779263 54
103.500000 85.000000 57.638963 0.766995 54
103.500000 85.000000 57.638963 0.766995 54
99.500000 84.500000 54.520638 0.837300 54
99.500000 84.500000 54.520638 0.837300 54
99.000000 84.000000 53.814496 0.837981 54
99.000000 84.000000 53.814496 0.837981 54
99.000000 84.000000 53.814496 0.837981 54
99.000000 84.000000 53.814496 0.837981 54
98.500000 84.500000 53.781967 0.824851 54
98.500000 84.500000 53.781967 0.824851 54
98.500000 84.000000 53.481305 0.844930 54
98.500000 84.000000 53.481305 0.844930 54
98.500000 84.000000 53.481305 0.844930 54
98.500000 83.500000 53.202444 0.865228 54
98.500000 83.500000 53.202444 0.865228 54
97.500000 84.000000 52.822817 0.859090 54
97.500000 84.000000 52.822817 0.859090 54
142.500000 75.500000 53.781967 0.824851 54
142.500000 75.500000 53.781967 0.824851 54
142.000000 76.000000 53.814496 0.837981 54
142.000000 76.000000 53.814496 0.837981 54
141.000000 76.000000 53.814496 0.837981 54
141.000000 76.000000 53.814496 0.837981 54
141.000000 75.500000 54.856631 0.830529 54
141.000000 75.500000 54.856631 0.830529 54
140.500000 75.500000 55.195108 0.823841 54
140.500000 75.500000 55.195108 0.823841 54
140.500000 75.500000 55.195108 0.823841 54
139.500000 76.000000 54.893078 0.843398 54
139.500000 76.000000 54.893078 0.843398 54
139.000000 75.500000 56.224994 0.804264 54
136.500000 75.000000 58.363088 0.755104 54
124.500000 83.500000 47.628773 -0.468342 42
124.500000 83.500000 47.628773 -0.468342 42
116.000000 77.000000 45.793013 -0.551655 42
116.000000 77.000000 45.793013 -0.551655 42
115.000000 76.500000 46.392349 -0.531178 42
115.000000 76.500000 46.392349 -0.531178 42
115.000000 76.500000 46.392349 -0.531178 42
130.000000 72.000000 64.660653 0.553681 54
130.000000 72.000000 64.660653 0.553681 54
117.500000 78.000000 48.787806 -0.422387 42
120.000000 80.000000 52.886671 -0.267910 42
120.000000 80.000000 52.886671 -0.267910 42
104.000000 84.500000 57.630287 0.779263 54
104.000000 84.500000 57.630287 0.779263 54
104.000000 84.500000 57.630287 0.779263 54
104.000000 84.500000 57.630287 0.779263 54
99.000000 84.000000 53.814496 0.837981 54
99.000000 84.000000 53.814496 0.837981 54
99.000000 84.000000 53.814496 0.837981 54
98.500000 84.000000 53.481305 0.844930 54
98.500000 84.000000 53.481305 0.844930 54
98.500000 84.000000 53.481305 0.844930 54
98.500000 84.000000 53.481305 0.844930 54
97.500000 84.000000 52.822817 0.859090 54
103.500000 85.000000 57.638963 0.766995 54
103.500000 85.000000 57.638963 0.766995 54
98.500000 84.500000 53.781967 0.824851 54
98.500000 84.500000 53.781967 0.824851 54
104.500000 85.000000 58.363088 0.755104 54
112.500000 86.000000 65.941262 0.541720 48
102.000000 61.500000 48.386465 -0.239966 30
102.000000 61.500000 48.386465 -0.239966 30
110.500000 88.000000 65.086481 0.549642 54
110.500000 88.000000 65.086481 0.549642 54
110.500000 88.000000 65.086481 0.549642 54
110.000000 88.000000 64.660653 0.553681 54
110.000000 88.000000 64.660653 0.553681 54
111.500000 89.500000 65.088401 0.487698 54
110.500000 89.500000 64.687711 0.508600 54
111.000000 89.000000 65.368188 0.511556 54
110.500000 88.500000 65.180519 0.522001 54
110.500000 88.500000 65.180519 0.522001 54
110.000000 89.000000 65.000000 0.532504 54
110.000000 89.000000 65.000000 0.532504 54
111.500000 90.000000 65.743821 0.473851 54
111.500000 90.000000 65.743821 0.473851 54
111.500000 90.000000 65.743821 0.473851 54
